4 2 3 0
8 1 2 0
12 3 4 0
16 2 8 0
20 3 8 0
24 1 9 0
28 5 7 0
32 2 4 0
36 1 4 0
40 6 7 0
44 4 8 0
48 1 5 0
52 1 7 0
56 3 10 0
60 1 6 0
64 3 9 0
68 5 11 0
72 1 11 0
76 1 8 0
80 3 14 0
84 1 14 0
88 6 11 0
92 2 18 0
96 2 20 0
100 1 22 0
104 1 20 0
108 4 14 0
112 1 13 0
116 1 12 0
120 4 13 0
124 7 17 0
128 1 18 0
132 2 14 0
136 3 29 0
140 25 28 0
144 25 26 0
148 6 17 0
152 24 28 0
156 27 30 0
160 24 26 0
164 8 26 1
168 8 29 1
172 8 17 1
176 8 31 1
180 8 5 1
184 8 20 1
184 31 34 1
184 31 34 1
184 31 34 1
184 31 34 1
184 31 34 1
184 31 34 1
184 31 34 1
184 31 34 1
184 31 34 1
184 31 34 1
184 31 34 1
184 31 34 1
184 31 34 1
184 31 34 1
184 31 34 1
184 31 34 1
184 31 34 1
184 31 34 1
184 31 34 1
184 31 34 1
184 31 34 1
184 31 34 1
184 31 34 1
184 31 34 1
184 31 34 1
184 31 34 1
184 31 34 1
184 31 34 1
184 31 34 1
184 31 34 1
184 31 34 1
184 31 34 1
184 31 34 1
184 31 34 1
184 31 34 1
184 31 34 1
184 31 34 1
184 31 34 1
184 31 34 1
184 31 34 1
184 31 34 1
184 31 34 1
184 31 34 1
184 31 34 1
184 31 34 1
184 31 34 1
184 31 34 1
184 31 34 1
188 8 24 1
192 26 8 1
196 26 29 1
200 7 16 1
204 7 1 1
208 7 25 1
212 7 5 1
216 7 14 1
220 7 29 1
224 7 11 1
228 27 21 1
232 27 1 1
236 27 28 1
240 27 23 1
244 27 14 1
248 27 2 1
252 27 9 1
256 21 27 1
260 21 1 1
264 21 28 1
268 21 23 1
272 21 14 1
276 21 2 1
280 21 9 1
284 1 27 1
288 1 21 1
292 1 28 1
296 1 23 1
300 1 14 1
304 1 2 1
308 1 9 1
312 28 27 1
316 28 21 1
320 28 1 1
324 28 23 1
328 28 14 1
332 28 2 1
336 28 9 1
340 23 27 1
344 23 21 1
348 23 1 1
352 23 28 1
356 23 14 1
360 23 2 1
364 23 9 1
368 14 27 1
372 14 21 1
376 14 1 1
380 14 28 1
384 14 23 1
388 14 2 1
392 14 9 1
396 2 27 1
400 2 21 1
404 2 1 1
408 2 28 1
412 2 23 1
416 2 14 1
420 2 9 1
424 9 27 1
428 9 21 1
432 9 1 1
436 9 28 1
440 9 23 1
444 9 14 1
448 9 2 1
452 16 7 1
456 16 1 1
460 16 25 1
464 16 5 1
468 16 14 1
472 16 29 1
476 16 11 1
480 1 7 1
484 1 16 1
488 1 25 1
492 1 5 1
496 1 14 1
500 1 29 1
504 1 11 1
508 25 7 1
512 25 16 1
516 25 1 1
520 25 5 1
524 25 14 1
528 25 29 1
532 25 11 1
536 5 7 1
540 5 16 1
544 5 1 1
548 5 25 1
552 5 14 1
556 5 29 1
560 5 11 1
564 14 7 1
568 14 16 1
572 14 1 1
576 14 25 1
580 14 5 1
584 14 29 1
588 14 11 1
592 29 7 1
596 29 16 1
600 29 1 1
604 29 25 1
608 29 5 1
612 29 14 1
616 29 11 1
620 11 7 1
624 11 16 1
628 11 1 1
632 11 25 1
636 11 5 1
640 11 14 1
644 11 29 1
648 26 17 1
652 26 31 1
656 26 5 1
660 26 20 1
664 26 24 1
668 29 8 1
672 29 26 1
676 2 27 1
680 2 18 1
684 2 21 1
688 2 27 1
692 2 21 1
696 2 16 1
700 2 28 1
704 27 2 1
708 27 18 1
712 27 21 1
716 27 21 1
720 27 16 1
724 27 28 1
728 18 2 1
732 18 27 1
736 18 21 1
740 18 27 1
744 18 21 1
748 18 16 1
752 18 28 1
756 21 2 1
760 21 27 1
764 21 18 1
768 21 27 1
772 21 16 1
776 21 28 1
780 27 2 1
784 27 18 1
788 27 21 1
792 27 21 1
796 27 16 1
800 27 28 1
804 21 2 1
808 21 27 1
812 21 18 1
816 21 27 1
820 21 16 1
824 21 28 1
828 16 2 1
832 16 27 1
836 16 18 1
840 16 21 1
844 16 27 1
848 16 21 1
852 16 28 1
856 28 2 1
860 28 27 1
864 28 18 1
868 28 21 1
872 28 27 1
876 28 21 1
880 28 16 1
884 29 17 1
888 29 31 1
892 29 5 1
896 29 20 1
900 29 24 1
904 17 8 1
908 17 26 1
912 17 29 1
916 17 31 1
920 17 5 1
924 17 20 1
928 17 24 1
932 31 8 1
936 31 26 1
940 31 29 1
944 31 17 1
948 31 5 1
952 31 20 1
956 31 24 1
960 5 8 1
964 5 26 1
968 5 29 1
972 5 17 1
976 5 31 1
980 5 20 1
984 5 24 1
988 20 8 1
992 20 26 1
996 20 29 1
1000 20 17 1
1004 20 31 1
1008 20 5 1
1012 20 24 1
1016 24 8 1
1020 24 26 1
1024 24 29 1
1028 24 17 1
1032 24 31 1
1036 24 5 1
1040 24 20 1
1044 2 31 0
1048 26 32 0
1052 3 28 0
1056 25 15 1
1060 25 28 1
1064 25 13 1
1068 25 20 1
1072 25 2 1
1076 25 32 1
1080 15 25 1
1084 15 28 1
1088 15 13 1
1092 15 20 1
1096 15 2 1
1100 15 32 1
1104 16 1 1
1108 16 0 1
1112 16 30 1
1116 16 32 1
1120 16 30 1
1124 16 10 1
1128 27 28 1
1132 18 6 1
1136 18 30 1
1140 26 32 1
1144 26 3 1
1148 26 28 1
1152 26 9 1
1156 26 5 1
1160 26 5 1
1164 32 26 1
1168 22 27 1
1172 22 34 1
1176 22 29 1
1180 22 10 1
1184 22 19 1
1188 22 27 1
1192 27 22 1
1196 27 34 1
1200 27 29 1
1204 27 10 1
1208 27 22 1
1212 27 19 1
1216 34 22 1
1220 34 27 1
1224 34 29 1
1228 34 10 1
1232 34 22 1
1236 34 19 1
1240 34 27 1
1244 29 22 1
1248 29 27 1
1252 29 34 1
1256 29 10 1
1260 29 22 1
1264 29 19 1
1268 29 27 1
1272 10 22 1
1276 10 27 1
1280 10 34 1
1284 10 29 1
1288 10 22 1
1292 10 19 1
1296 10 27 1
1300 22 27 1
1304 22 34 1
1308 22 29 1
1312 22 10 1
1316 22 19 1
1320 22 27 1
1324 19 22 1
1328 19 27 1
1332 19 34 1
1336 19 29 1
1340 19 10 1
1344 19 22 1
1348 19 27 1
1352 27 22 1
1356 27 34 1
1360 27 29 1
1364 27 10 1
1368 27 22 1
1372 27 19 1
1376 32 3 1
1380 32 26 1
1384 32 28 1
1388 32 9 1
1392 32 5 1
1396 32 5 1
1400 3 26 1
1404 3 32 1
1408 3 26 1
1412 3 28 1
1416 3 9 1
1420 3 5 1
1424 3 5 1
1428 26 32 1
1432 26 3 1
1436 26 28 1
1440 26 9 1
1444 26 5 1
1448 26 5 1
1452 28 26 1
1456 28 32 1
1460 28 3 1
1464 28 26 1
1468 28 9 1
1472 28 5 1
1476 28 5 1
1480 9 26 1
1484 9 32 1
1488 9 3 1
1492 9 26 1
1496 9 28 1
1500 9 5 1
1504 9 5 1
1508 5 26 1
1512 5 32 1
1516 5 3 1
1520 5 26 1
1524 5 28 1
1528 5 9 1
1532 5 26 1
1536 5 32 1
1540 5 3 1
1544 5 26 1
1548 5 28 1
1552 5 9 1
1556 18 34 1
1560 18 3 1
1564 18 17 1
1568 18 32 1
1572 18 22 1
1576 6 18 1
1580 6 30 1
1584 6 34 1
1588 6 3 1
1592 6 17 1
1596 6 32 1
1600 6 22 1
1604 30 18 1
1608 30 6 1
1612 30 34 1
1616 30 3 1
1620 30 17 1
1624 30 32 1
1628 30 22 1
1632 34 18 1
1636 34 6 1
1640 34 30 1
1644 34 3 1
1648 34 17 1
1652 34 32 1
1656 34 22 1
1660 3 18 1
1664 3 6 1
1668 3 30 1
1672 3 34 1
1676 3 17 1
1680 3 32 1
1684 3 22 1
1688 17 18 1
1692 17 6 1
1696 17 30 1
1700 17 34 1
1704 17 3 1
1708 17 32 1
1712 17 22 1
1716 32 18 1
1720 32 6 1
1724 32 30 1
1728 32 34 1
1732 32 3 1
1736 32 17 1
1740 32 22 1
1744 22 18 1
1748 22 6 1
1752 22 30 1
1756 22 34 1
1760 22 3 1
1764 22 17 1
1768 22 32 1
1772 27 7 1
1776 27 33 1
1780 27 19 1
1784 27 12 1
1788 27 32 1
1792 28 27 1
1796 28 27 1
1800 28 7 1
1804 28 33 1
1808 28 19 1
1812 28 12 1
1816 28 32 1
1820 27 28 1
1824 27 7 1
1828 27 33 1
1832 27 19 1
1836 27 12 1
1840 27 32 1
1844 7 27 1
1848 7 28 1
1852 7 27 1
1856 7 33 1
1860 7 19 1
1864 7 12 1
1868 7 32 1
1872 33 27 1
1876 33 28 1
1880 33 27 1
1884 33 7 1
1888 33 19 1
1892 33 12 1
1896 33 32 1
1900 19 27 1
1904 19 28 1
1908 19 27 1
1912 19 7 1
1916 19 33 1
1920 19 12 1
1924 19 32 1
1928 12 27 1
1932 12 28 1
1936 12 27 1
1940 12 7 1
1944 12 33 1
1948 12 19 1
1952 12 32 1
1956 32 27 1
1960 32 28 1
1964 32 27 1
1968 32 7 1
1972 32 33 1
1976 32 19 1
1980 32 12 1
1984 16 25 1
1988 1 16 1
1992 1 0 1
1996 1 30 1
2000 1 32 1
2004 1 30 1
2008 1 10 1
2012 1 25 1
2016 0 16 1
2020 0 1 1
2024 0 30 1
2028 0 32 1
2032 0 30 1
2036 0 10 1
2040 0 25 1
2044 30 16 1
2048 30 1 1
2052 30 0 1
2056 30 32 1
2060 30 10 1
2064 30 25 1
2068 31 34 1
2072 31 34 1
2072 31 34 1
2072 31 34 1
2072 31 34 1
2072 31 34 1
2072 31 34 1
2072 31 34 1
2072 31 34 1
2072 31 34 1
2072 31 34 1
2072 31 34 1
2072 31 34 1
2072 31 34 1
2072 31 34 1
2072 31 34 1
2072 31 34 1
2072 31 34 1
2072 31 34 1
2072 31 34 1
2072 31 34 1
2072 31 34 1
2072 31 34 1
2072 31 34 1
2072 31 34 1
2072 31 34 1
2072 31 34 1
2072 31 34 1
2072 31 34 1
2072 31 34 1
2072 31 34 1
2072 31 34 1
2072 31 34 1
2072 31 34 1
2072 31 34 1
2072 31 34 1
2072 31 34 1
2072 31 34 1
2072 31 34 1
2072 31 34 1
2072 31 34 1
2072 31 34 1
2072 31 34 1
2072 31 34 1
2072 31 34 1
2072 31 34 1
2072 31 34 1
2072 31 34 1
2072 31 34 1
2072 31 34 1
2072 31 34 1
2072 31 34 1
2072 31 34 1
2072 31 34 1
2072 31 34 1
2072 31 34 1
2072 31 34 1
2072 31 34 1
2072 31 34 1
2072 31 34 1
2072 31 34 1
2072 31 34 1
2072 31 34 1
2072 31 34 1
2072 31 34 1
2072 31 34 1
2072 31 34 1
2072 31 34 1
2072 31 34 1
2072 31 34 1
2072 31 34 1
2072 31 34 1
2072 31 34 1
2072 31 34 1
2072 31 34 1
2072 31 34 1
2072 31 34 1
2072 31 34 1
2072 31 34 1
2384 31 34 1
2388 32 16 1
2392 32 1 1
2396 32 0 1
2400 32 30 1
2404 32 30 1
2408 32 10 1
2412 32 25 1
2416 30 16 1
2420 30 1 1
2424 30 0 1
2428 30 32 1
2432 30 10 1
2436 30 25 1
2440 10 16 1
2444 10 1 1
2448 10 0 1
2452 10 30 1
2456 10 32 1
2460 10 30 1
2464 10 25 1
2468 25 16 1
2472 25 1 1
2476 25 0 1
2480 25 30 1
2484 25 32 1
2488 25 30 1
2492 25 10 1
2496 15 25 1
2500 28 25 1
2504 28 15 1
2508 28 13 1
2512 28 20 1
2516 28 2 1
2520 28 32 1
2524 28 25 1
2528 13 25 1
2532 13 15 1
2536 13 28 1
2540 13 20 1
2544 13 2 1
2548 13 32 1
2552 13 25 1
2556 20 25 1
2560 20 15 1
2564 20 28 1
2568 20 13 1
2572 20 2 1
2576 20 32 1
2580 20 25 1
2584 2 25 1
2588 2 15 1
2592 2 28 1
2596 2 13 1
2600 2 20 1
2604 2 32 1
2608 2 25 1
2612 32 25 1
2616 32 15 1
2620 32 28 1
2624 32 13 1
2628 32 20 1
2632 32 2 1
2636 32 25 1
2640 25 15 1
2644 25 28 1
2648 25 13 1
2652 25 20 1
2656 25 2 1
2660 25 32 1
2664 24 30 0
2668 1 32 0
2672 2 22 0
2676 3 33 0
2680 23 33 0
2684 29 32 0
2688 21 33 0
2692 25 32 0
2696 9 33 0
2700 16 33 0
2704 19 33 0
2708 9 31 0
2712 16 34 0
2716 15 33 0
2720 15 34 0
2724 21 34 0
2728 23 34 0
2732 32 33 0
2736 24 33 0
2740 31 33 0
2744 14 34 0
2748 10 34 0
2752 9 34 0
2756 30 33 0
2760 19 34 0
2764 24 34 0
2768 27 34 0
2772 31 34 0
2776 32 34 0
2780 20 34 0
2784 28 34 0
2788 30 34 0
2792 33 34 0
2796 29 34 0
